                        Open     High      Low    Close     Volume    return   bb_high    bb_low  moving_avg  buy  sell  groups  position  strategyreturn
Time                                                                                                                                                     
2022-01-17 16:15:00  0.07431  0.07433  0.07400  0.07418  2379818.3 -0.005646  0.076273  0.074366    0.075320  1.0   0.0     0.0         1       -0.000000
2022-01-17 16:20:00  0.07462  0.07471  0.07447  0.07460   394420.6  0.005646  0.076186  0.074307    0.075247  0.0   0.0     0.0         1        0.005646
2022-01-17 16:25:00  0.07499  0.07502  0.07489  0.07489   290649.1  0.003880  0.076056  0.074318    0.075187  0.0   0.0     0.0         1        0.003880
2022-01-17 16:30:00  0.07486  0.07489  0.07474  0.07488   512270.9 -0.000134  0.075949  0.074323    0.075136  0.0   0.0     0.0         1       -0.000134
2022-01-17 16:35:00  0.07470  0.07478  0.07468  0.07477   325762.8 -0.001470  0.075822  0.074335    0.075079  0.0   0.0     0.0         1       -0.001470
2022-01-17 16:40:00  0.07491  0.07494  0.07487  0.07493   285932.4  0.002138  0.075679  0.074383    0.075031  0.0   0.0     0.0         1        0.002138
2022-01-17 16:45:00  0.07497  0.07500  0.07492  0.07497   447240.1  0.000534  0.075648  0.074379    0.075013  0.0   0.0     0.0         1        0.000534
2022-01-17 16:50:00  0.07475  0.07475  0.07455  0.07458   478598.1 -0.005216  0.075657  0.074334    0.074996  0.0   0.0     0.0         1       -0.005216
2022-01-17 16:55:00  0.07470  0.07478  0.07467  0.07477   305879.3  0.002544  0.075638  0.074312    0.074975  0.0   0.0     0.0         1        0.002544
2022-01-17 17:00:00  0.07476  0.07482  0.07469  0.07469   796379.1 -0.001071  0.075585  0.074295    0.074940  0.0   0.0     0.0         1       -0.001071
2022-01-17 17:05:00  0.07435  0.07456  0.07434  0.07452   298492.9 -0.002279  0.075545  0.074255    0.074900  0.0   0.0     0.0         1       -0.002279
2022-01-17 17:10:00  0.07438  0.07440  0.07433  0.07434    62074.1 -0.002418  0.075500  0.074197    0.074848  0.0   0.0     0.0         1       -0.002418
2022-01-17 17:15:00  0.07390  0.07394  0.07379  0.07381   628733.0 -0.007155  0.075535  0.074014    0.074774  1.0   0.0     0.0         1       -0.007155
2022-01-17 17:20:00  0.07447  0.07453  0.07436  0.07439   197591.3  0.007827  0.075440  0.074006    0.074723  0.0   0.0     0.0         1        0.007827
2022-01-17 17:25:00  0.07420  0.07420  0.07404  0.07404   305530.4 -0.004716  0.075344  0.073960    0.074652  0.0   0.0     0.0         1       -0.004716
2022-01-17 17:30:00  0.07411  0.07413  0.07392  0.07404  1259489.5  0.000000  0.075313  0.073888    0.074601  0.0   0.0     0.0         1        0.000000
2022-01-17 17:35:00  0.07448  0.07450  0.07441  0.07448   161627.0  0.005925  0.075286  0.073877    0.074581  0.0   0.0     0.0         1        0.005925
2022-01-17 17:40:00  0.07439  0.07447  0.07437  0.07439   176175.7 -0.001209  0.075223  0.073874    0.074549  0.0   0.0     0.0         1       -0.001209
2022-01-17 17:45:00  0.07481  0.07486  0.07480  0.07482   428640.7  0.005764  0.075173  0.073896    0.074535  0.0   0.0     0.0         1        0.005764
2022-01-17 17:50:00  0.07462  0.07471  0.07456  0.07459   131895.6 -0.003079  0.075173  0.073895    0.074534  0.0   0.0     0.0         1       -0.003079
2022-01-17 17:55:00  0.07449  0.07449  0.07421  0.07423  1041853.2 -0.004838  0.075170  0.073903    0.074536  0.0   0.0     0.0         1       -0.004838
2022-01-17 18:00:00  0.07445  0.07445  0.07426  0.07426   144241.0  0.000404  0.075164  0.073875    0.074519  0.0   0.0     0.0         1        0.000404
2022-01-17 18:05:00  0.07416  0.07423  0.07410  0.07412   111164.3 -0.001887  0.075124  0.073838    0.074481  0.0   0.0     0.0         1       -0.001887
2022-01-17 18:10:00  0.07410  0.07423  0.07409  0.07410   111419.6 -0.000270  0.075078  0.073806    0.074442  0.0   0.0     0.0         1       -0.000270
2022-01-17 18:15:00  0.07422  0.07422  0.07398  0.07400   193658.8 -0.001350  0.075049  0.073758    0.074403  0.0   0.0     0.0         1       -0.001350
2022-01-17 18:20:00  0.07396  0.07396  0.07373  0.07375  1169936.5 -0.003384  0.075002  0.073687    0.074345  0.0   0.0     0.0         1       -0.003384
2022-01-17 18:25:00  0.07411  0.07416  0.07408  0.07414   840628.0  0.005274  0.074899  0.073707    0.074303  0.0   0.0     0.0         1        0.005274
2022-01-17 18:30:00  0.07430  0.07443  0.07422  0.07443   405640.4  0.003904  0.074881  0.073710    0.074296  0.0   0.0     0.0         1        0.003904
2022-01-17 18:35:00  0.07440  0.07443  0.07431  0.07437   336390.3 -0.000806  0.074821  0.073730    0.074275  0.0   0.0     0.0         1       -0.000806
2022-01-17 18:40:00  0.07431  0.07436  0.07429  0.07436   207102.8 -0.000134  0.074772  0.073746    0.074259  0.0   0.0     0.0         1       -0.000134
2022-01-17 18:45:00  0.07451  0.07457  0.07448  0.07457   113313.2  0.002820  0.074780  0.073743    0.074261  0.0   0.0     0.0         1        0.002820
2022-01-17 18:50:00  0.07474  0.07475  0.07465  0.07466   315184.4  0.001206  0.074824  0.073731    0.074278  0.0   0.0     0.0         1        0.001206
2022-01-17 18:55:00  0.07472  0.07475  0.07470  0.07472   299107.9  0.000803  0.074858  0.073788    0.074323  0.0   0.0     0.0         1        0.000803
2022-01-17 19:00:00  0.07476  0.07480  0.07471  0.07477   736138.4  0.000669  0.074911  0.073773    0.074342  0.0   0.0     0.0         1        0.000669
2022-01-17 19:05:00  0.07487  0.07494  0.07487  0.07492   129832.4  0.002004  0.074990  0.073782    0.074386  0.0   0.0     0.0         1        0.002004
2022-01-17 19:10:00  0.07481  0.07481  0.07471  0.07476   153412.4 -0.002138  0.075025  0.073819    0.074422  0.0   0.0     0.0         1       -0.002138
2022-01-17 19:15:00  0.07499  0.07500  0.07492  0.07500   187948.8  0.003205  0.075101  0.073795    0.074448  0.0   0.0     0.0         1        0.003205
2022-01-17 19:20:00  0.07491  0.07491  0.07484  0.07484   125924.7 -0.002136  0.075145  0.073796    0.074470  0.0   0.0     0.0         1       -0.002136
2022-01-17 19:25:00  0.07482  0.07487  0.07481  0.07483    68932.0 -0.000134  0.075146  0.073796    0.074471  0.0   0.0     0.0         1       -0.000134
2022-01-17 19:30:00  0.07488  0.07489  0.07484  0.07486    59977.2  0.000401  0.075179  0.073790    0.074484  0.0   0.0     0.0         1        0.000401
2022-01-17 19:35:00  0.07506  0.07509  0.07503  0.07506   122070.4  0.002668  0.075253  0.073799    0.074526  0.0   0.0     0.0         1        0.002668
2022-01-17 19:40:00  0.07510  0.07513  0.07505  0.07508   264990.5  0.000266  0.075322  0.073812    0.074567  0.0   0.0     0.0         1        0.000266
2022-01-17 19:45:00  0.07507  0.07507  0.07495  0.07503   295389.1 -0.000666  0.075364  0.073861    0.074612  0.0   0.0     0.0         1       -0.000666
2022-01-17 19:50:00  0.07511  0.07519  0.07508  0.07518  1106629.6  0.001997  0.075418  0.073915    0.074666  0.0   0.0     0.0         1        0.001997
2022-01-17 19:55:00  0.07522  0.07525  0.07518  0.07518   175945.1  0.000000  0.075443  0.074008    0.074726  0.0   0.0     0.0         1        0.000000
2022-01-17 20:00:00  0.07505  0.07513  0.07503  0.07511   185074.4 -0.000932  0.075372  0.074215    0.074793  0.0   0.0     0.0         1       -0.000932
2022-01-17 20:05:00  0.07518  0.07520  0.07512  0.07516    52822.0  0.000665  0.075360  0.074329    0.074844  0.0   0.0     0.0         1        0.000665
2022-01-17 20:10:00  0.07518  0.07520  0.07509  0.07514   445117.6 -0.000266  0.075374  0.074386    0.074880  0.0   0.0     0.0         1       -0.000266
2022-01-17 20:15:00  0.07495  0.07503  0.07495  0.07503   812646.2 -0.001465  0.075352  0.074474    0.074913  0.0   0.0     0.0         1       -0.001465
2022-01-17 20:20:00  0.07498  0.07501  0.07494  0.07501   149639.1 -0.000267  0.075305  0.074586    0.074945  0.0   0.0     0.0         1       -0.000267
2022-01-17 20:25:00  0.07511  0.07515  0.07508  0.07510   258321.1  0.001199  0.075292  0.074652    0.074972  0.0   0.0     0.0         1        0.001199
2022-01-17 20:30:00  0.07512  0.07512  0.07492  0.07494   390032.9 -0.002133  0.075273  0.074699    0.074986  0.0   0.0     0.0         1       -0.002133
2022-01-17 20:35:00  0.07496  0.07496  0.07489  0.07493   209927.5 -0.000133  0.075259  0.074734    0.074996  0.0   0.0     0.0         1       -0.000133
2022-01-17 20:40:00  0.07489  0.07491  0.07480  0.07489   698686.0 -0.000534  0.075248  0.074757    0.075002  0.0   0.0     0.0         1       -0.000534
2022-01-17 20:45:00  0.07499  0.07500  0.07498  0.07499    96802.9  0.001334  0.075249  0.074763    0.075006  0.0   0.0     0.0         1        0.001334
2022-01-17 20:50:00  0.07489  0.07495  0.07489  0.07494   102850.0 -0.000667  0.075233  0.074797    0.075015  0.0   0.0     0.0         1       -0.000667
2022-01-17 20:55:00  0.07496  0.07497  0.07492  0.07495    42464.1  0.000133  0.075232  0.074793    0.075013  0.0   0.0     0.0         1        0.000133
2022-01-17 21:00:00  0.07486  0.07488  0.07482  0.07487   114001.9 -0.001068  0.075230  0.074798    0.075014  0.0   0.0     0.0         1       -0.001068
2022-01-17 21:05:00  0.07503  0.07507  0.07500  0.07507   965272.8  0.002668  0.075225  0.074827    0.075026  0.0   0.0     0.0         1        0.002668
2022-01-17 21:10:00  0.07486  0.07491  0.07482  0.07484   196329.3 -0.003069  0.075228  0.074822    0.075025  0.0   0.0     0.0         1       -0.003069
2022-01-17 21:15:00  0.07484  0.07485  0.07467  0.07470  2082065.7 -0.001872  0.075253  0.074761    0.075007  1.0   0.0     0.0         1       -0.001872
2022-01-17 21:20:00  0.07452  0.07460  0.07448  0.07460   290637.6 -0.001340  0.075284  0.074682    0.074983  1.0   0.0     0.0         1       -0.001340
2022-01-17 21:25:00  0.07428  0.07438  0.07427  0.07436   741700.4 -0.003222  0.075353  0.074546    0.074950  1.0   0.0     0.0         1       -0.003222
2022-01-17 21:30:00  0.07391  0.07398  0.07387  0.07391   219289.1 -0.006070  0.075480  0.074292    0.074886  1.0   0.0     0.0         1       -0.006070
2022-01-17 21:35:00  0.07407  0.07409  0.07400  0.07403   157302.8  0.001622  0.075513  0.074144    0.074828  1.0   0.0     0.0         1        0.001622
2022-01-17 21:40:00  0.07389  0.07390  0.07375  0.07378   855979.7 -0.003383  0.075571  0.073953    0.074762  1.0   0.0     0.0         1       -0.003383
2022-01-17 21:45:00  0.07391  0.07404  0.07391  0.07403   125849.2  0.003383  0.075553  0.073858    0.074706  0.0   0.0     0.0         1        0.003383
2022-01-17 21:50:00  0.07408  0.07411  0.07390  0.07392   178262.1 -0.001487  0.075532  0.073757    0.074645  0.0   0.0     0.0         1       -0.001487
2022-01-17 21:55:00  0.07416  0.07427  0.07416  0.07419  2428979.9  0.003646  0.075493  0.073712    0.074602  0.0   0.0     0.0         1        0.003646
2022-01-17 22:00:00  0.07416  0.07416  0.07406  0.07408   136281.9 -0.001484  0.075454  0.073658    0.074556  0.0   0.0     0.0         1       -0.001484
2022-01-17 22:05:00  0.07416  0.07427  0.07414  0.07427   487176.5  0.002562  0.075384  0.073645    0.074514  0.0   0.0     0.0         1        0.002562
2022-01-17 22:10:00  0.07427  0.07438  0.07427  0.07434   211108.5  0.000942  0.075334  0.073635    0.074484  0.0   0.0     0.0         1        0.000942
2022-01-17 22:15:00  0.07418  0.07420  0.07400  0.07400   415035.0 -0.004584  0.075287  0.073589    0.074438  0.0   0.0     0.0         1       -0.004584
2022-01-17 22:20:00  0.07407  0.07413  0.07401  0.07411   224904.9  0.001485  0.075233  0.073565    0.074399  0.0   0.0     0.0         1        0.001485
2022-01-17 22:25:00  0.07434  0.07436  0.07431  0.07436   106666.9  0.003368  0.075156  0.073579    0.074368  0.0   0.0     0.0         1        0.003368
2022-01-17 22:30:00  0.07439  0.07439  0.07438  0.07439    67740.1  0.000403  0.075084  0.073596    0.074340  0.0   0.0     0.0         1        0.000403
2022-01-17 22:35:00  0.07504  0.07525  0.07497  0.07523   291691.5  0.011229  0.075152  0.073556    0.074354  0.0   1.0     0.0         1        0.011229
2022-01-18 02:15:00  0.07541  0.07551  0.07541  0.07546    66599.5 -0.001854  0.075996  0.075520    0.075758  1.0   0.0     1.0         1       -0.000000
2022-01-18 02:20:00  0.07554  0.07558  0.07549  0.07550    65208.0  0.000530  0.076008  0.075497    0.075753  0.0   0.0     1.0         1        0.000530
2022-01-18 02:25:00  0.07542  0.07543  0.07539  0.07542    72724.6 -0.001060  0.076028  0.075441    0.075734  1.0   0.0     1.0         1       -0.001060
2022-01-18 02:30:00  0.07550  0.07556  0.07550  0.07554    49531.3  0.001590  0.076015  0.075420    0.075718  0.0   0.0     1.0         1        0.001590
2022-01-18 02:35:00  0.07550  0.07550  0.07537  0.07537    89424.9 -0.002253  0.076020  0.075367    0.075693  0.0   0.0     1.0         1       -0.002253
2022-01-18 02:40:00  0.07558  0.07558  0.07553  0.07553    52983.5  0.002121  0.076014  0.075349    0.075681  0.0   0.0     1.0         1        0.002121
2022-01-18 02:45:00  0.07569  0.07576  0.07568  0.07576    97612.1  0.003041  0.076014  0.075349    0.075681  0.0   0.0     1.0         1        0.003041
2022-01-18 02:50:00  0.07571  0.07579  0.07571  0.07577   202319.4  0.000132  0.076017  0.075350    0.075684  0.0   0.0     1.0         1        0.000132
2022-01-18 02:55:00  0.07553  0.07558  0.07553  0.07558    10451.4 -0.002511  0.075990  0.075346    0.075668  0.0   0.0     1.0         1       -0.002511
2022-01-18 03:00:00  0.07567  0.07570  0.07567  0.07568    61793.5  0.001322  0.075953  0.075357    0.075655  0.0   0.0     1.0         1        0.001322
2022-01-18 03:05:00  0.07553  0.07558  0.07553  0.07558    42295.0 -0.001322  0.075911  0.075365    0.075638  0.0   0.0     1.0         1       -0.001322
2022-01-18 03:10:00  0.07572  0.07573  0.07569  0.07569    33923.0  0.001454  0.075898  0.075368    0.075633  0.0   0.0     1.0         1        0.001454
2022-01-18 03:15:00  0.07556  0.07559  0.07546  0.07546    84064.9 -0.003043  0.075878  0.075353    0.075615  0.0   0.0     1.0         1       -0.003043
2022-01-18 03:20:00  0.07550  0.07550  0.07546  0.07547   277042.1  0.000133  0.075845  0.075349    0.075597  0.0   0.0     1.0         1        0.000133
2022-01-18 03:25:00  0.07535  0.07536  0.07523  0.07523   553266.2 -0.003185  0.075844  0.075292    0.075568  1.0   0.0     1.0         1       -0.003185
2022-01-18 03:30:00  0.07500  0.07509  0.07498  0.07509   164315.4 -0.001863  0.075880  0.075198    0.075539  1.0   0.0     1.0         1       -0.001863
2022-01-18 03:35:00  0.07503  0.07503  0.07484  0.07492   412666.8 -0.002267  0.075918  0.075077    0.075497  1.0   0.0     1.0         1       -0.002267
2022-01-18 03:40:00  0.07453  0.07457  0.07439  0.07446   721777.1 -0.006159  0.076053  0.074826    0.075439  1.0   0.0     1.0         1       -0.006159
2022-01-18 03:45:00  0.07441  0.07441  0.07428  0.07432  1075169.6 -0.001882  0.076144  0.074599    0.075372  1.0   0.0     1.0         1       -0.001882
2022-01-18 03:50:00  0.07438  0.07440  0.07432  0.07434   241867.8  0.000269  0.076193  0.074424    0.075309  1.0   0.0     1.0         1        0.000269
2022-01-18 03:55:00  0.07455  0.07466  0.07455  0.07462   497467.8  0.003759  0.076197  0.074336    0.075267  0.0   0.0     1.0         1        0.003759
2022-01-18 04:00:00  0.07456  0.07457  0.07448  0.07450    59401.5 -0.001609  0.076198  0.074235    0.075216  0.0   0.0     1.0         1       -0.001609
2022-01-18 04:05:00  0.07454  0.07458  0.07453  0.07458   337896.8  0.001073  0.076189  0.074160    0.075175  0.0   0.0     1.0         1        0.001073
2022-01-18 04:10:00  0.07457  0.07459  0.07450  0.07452    78493.5 -0.000805  0.076161  0.074086    0.075123  0.0   0.0     1.0         1       -0.000805
2022-01-18 04:15:00  0.07441  0.07448  0.07437  0.07437   107058.1 -0.002015  0.076154  0.073993    0.075073  0.0   0.0     1.0         1       -0.002015
2022-01-18 04:20:00  0.07409  0.07417  0.07405  0.07405   282480.6 -0.004312  0.076146  0.073853    0.075000  0.0   0.0     1.0         1       -0.004312
2022-01-18 04:25:00  0.07398  0.07404  0.07398  0.07402    96086.9 -0.000405  0.076079  0.073746    0.074913  0.0   0.0     1.0         1       -0.000405
2022-01-18 04:30:00  0.07414  0.07418  0.07404  0.07407   124925.0  0.000675  0.075979  0.073676    0.074827  0.0   0.0     1.0         1        0.000675
2022-01-18 04:35:00  0.07397  0.07428  0.07396  0.07424   561324.9  0.002292  0.075885  0.073636    0.074760  0.0   0.0     1.0         1        0.002292
2022-01-18 04:40:00  0.07428  0.07432  0.07423  0.07432    87424.0  0.001077  0.075749  0.073636    0.074692  0.0   0.0     1.0         1        0.001077
2022-01-18 04:45:00  0.07433  0.07437  0.07432  0.07432   133930.8  0.000000  0.075614  0.073645    0.074630  0.0   0.0     1.0         1        0.000000
2022-01-18 04:50:00  0.07418  0.07420  0.07414  0.07417    37424.9 -0.002020  0.075428  0.073679    0.074553  0.0   0.0     1.0         1       -0.002020
2022-01-18 04:55:00  0.07437  0.07437  0.07428  0.07428    52243.8  0.001482  0.075269  0.073720    0.074495  0.0   0.0     1.0         1        0.001482
2022-01-18 05:00:00  0.07425  0.07426  0.07418  0.07423    89364.7 -0.000673  0.075072  0.073793    0.074432  0.0   0.0     1.0         1       -0.000673
2022-01-18 05:05:00  0.07400  0.07403  0.07398  0.07399    40244.2 -0.003238  0.074923  0.073818    0.074371  0.0   0.0     1.0         1       -0.003238
2022-01-18 05:10:00  0.07428  0.07439  0.07426  0.07430   505941.5  0.004181  0.074774  0.073888    0.074331  0.0   0.0     1.0         1        0.004181
2022-01-18 05:15:00  0.07437  0.07442  0.07432  0.07432   298117.2  0.000269  0.074653  0.073949    0.074301  0.0   0.0     1.0         1        0.000269
2022-01-18 05:20:00  0.07427  0.07431  0.07425  0.07425    49615.0 -0.000942  0.074635  0.073946    0.074291  0.0   0.0     1.0         1       -0.000942
2022-01-18 05:25:00  0.07418  0.07420  0.07415  0.07418    26960.8 -0.000943  0.074631  0.073936    0.074283  0.0   0.0     1.0         1       -0.000943
2022-01-18 05:30:00  0.07435  0.07436  0.07431  0.07431    26396.1  0.001751  0.074629  0.073935    0.074282  0.0   0.0     1.0         1        0.001751
2022-01-18 05:35:00  0.07426  0.07429  0.07425  0.07428    49085.8 -0.000404  0.074575  0.073955    0.074265  0.0   0.0     1.0         1       -0.000404
2022-01-18 05:40:00  0.07429  0.07430  0.07427  0.07428    31747.2  0.000000  0.074545  0.073963    0.074254  0.0   0.0     1.0         1        0.000000
2022-01-18 05:45:00  0.07422  0.07435  0.07422  0.07435   113933.4  0.000942  0.074497  0.073988    0.074243  0.0   0.0     1.0         1        0.000942
2022-01-18 05:50:00  0.07443  0.07444  0.07438  0.07438    94549.4  0.000403  0.074466  0.074005    0.074235  0.0   0.0     1.0         1        0.000403
2022-01-18 05:55:00  0.07446  0.07447  0.07443  0.07447   127862.4  0.001209  0.074486  0.073995    0.074241  0.0   0.0     1.0         1        0.001209
2022-01-18 06:00:00  0.07438  0.07450  0.07437  0.07449   175612.2  0.000269  0.074515  0.074010    0.074262  0.0   0.0     1.0         1        0.000269
2022-01-18 06:05:00  0.07464  0.07468  0.07463  0.07467   135358.2  0.002414  0.074579  0.074011    0.074295  0.0   1.0     1.0         1        0.002414
2022-01-18 08:10:00  0.07478  0.07478  0.07454  0.07455   360967.9 -0.002947  0.075776  0.074581    0.075179  1.0   0.0     2.0         1       -0.000000
2022-01-18 08:15:00  0.07444  0.07454  0.07434  0.07451   395960.9 -0.000537  0.075808  0.074479    0.075144  0.0   0.0     2.0         1       -0.000537
2022-01-18 08:20:00  0.07425  0.07433  0.07420  0.07433   270648.3 -0.002419  0.075845  0.074347    0.075096  1.0   0.0     2.0         1       -0.002419
2022-01-18 08:25:00  0.07398  0.07405  0.07392  0.07400   304045.1 -0.004450  0.075905  0.074151    0.075028  1.0   0.0     2.0         1       -0.004450
2022-01-18 08:30:00  0.07365  0.07379  0.07358  0.07373  1297268.3 -0.003655  0.075953  0.073925    0.074939  1.0   0.0     2.0         1       -0.003655
2022-01-18 08:35:00  0.07377  0.07387  0.07377  0.07380   111812.8  0.000949  0.075931  0.073768    0.074849  0.0   0.0     2.0         1        0.000949
2022-01-18 08:40:00  0.07358  0.07369  0.07355  0.07368   269522.1 -0.001627  0.075881  0.073621    0.074751  0.0   0.0     2.0         1       -0.001627
2022-01-18 08:45:00  0.07366  0.07375  0.07361  0.07365   511819.5 -0.000407  0.075814  0.073495    0.074654  0.0   0.0     2.0         1       -0.000407
2022-01-18 08:50:00  0.07382  0.07383  0.07375  0.07377   225232.9  0.001628  0.075750  0.073401    0.074575  0.0   0.0     2.0         1        0.001628
2022-01-18 08:55:00  0.07345  0.07364  0.07345  0.07363   440329.4 -0.001900  0.075662  0.073310    0.074486  0.0   0.0     2.0         1       -0.001900
2022-01-18 09:00:00  0.07345  0.07368  0.07336  0.07368   356395.8  0.000679  0.075538  0.073258    0.074398  0.0   0.0     2.0         1        0.000679
2022-01-18 09:05:00  0.07359  0.07362  0.07352  0.07362   231343.6 -0.000815  0.075470  0.073181    0.074326  0.0   0.0     2.0         1       -0.000815
2022-01-18 09:10:00  0.07321  0.07331  0.07306  0.07318  2003126.5 -0.005995  0.075448  0.073027    0.074237  0.0   0.0     2.0         1       -0.005995
2022-01-18 09:15:00  0.07284  0.07294  0.07282  0.07292   316112.3 -0.003559  0.075408  0.072853    0.074131  0.0   0.0     2.0         1       -0.003559
2022-01-18 09:20:00  0.07248  0.07252  0.07230  0.07251  1341279.3 -0.005638  0.075394  0.072615    0.074005  1.0   0.0     2.0         1       -0.005638
2022-01-18 09:25:00  0.07250  0.07281  0.07246  0.07281  1777343.4  0.004129  0.075303  0.072489    0.073896  0.0   0.0     2.0         1        0.004129
2022-01-18 09:30:00  0.07307  0.07333  0.07304  0.07333  1163212.4  0.007116  0.075132  0.072488    0.073810  0.0   0.0     2.0         1        0.007116
2022-01-18 09:35:00  0.07300  0.07325  0.07290  0.07322   856404.2 -0.001501  0.074986  0.072472    0.073729  0.0   0.0     2.0         1       -0.001501
2022-01-18 09:40:00  0.07316  0.07332  0.07316  0.07332   214888.8  0.001365  0.074799  0.072502    0.073651  0.0   0.0     2.0         1        0.001365
2022-01-18 09:45:00  0.07334  0.07344  0.07334  0.07337   230552.8  0.000682  0.074612  0.072549    0.073581  0.0   0.0     2.0         1        0.000682
2022-01-18 09:50:00  0.07355  0.07361  0.07352  0.07352   223070.2  0.002042  0.074459  0.072599    0.073529  0.0   0.0     2.0         1        0.002042
2022-01-18 09:55:00  0.07331  0.07332  0.07323  0.07326   592876.3 -0.003543  0.074286  0.072647    0.073466  0.0   0.0     2.0         1       -0.003543
2022-01-18 10:00:00  0.07336  0.07346  0.07334  0.07340   215647.4  0.001909  0.074138  0.072702    0.073420  0.0   0.0     2.0         1        0.001909
2022-01-18 10:05:00  0.07336  0.07338  0.07328  0.07333   104419.6 -0.000954  0.074054  0.072719    0.073386  0.0   0.0     2.0         1       -0.000954
2022-01-18 10:10:00  0.07347  0.07350  0.07344  0.07349    89127.8  0.002180  0.074025  0.072724    0.073374  0.0   0.0     2.0         1        0.002180
2022-01-18 10:15:00  0.07360  0.07368  0.07358  0.07368   138375.4  0.002582  0.074005  0.072732    0.073368  0.0   0.0     2.0         1        0.002582
2022-01-18 10:20:00  0.07335  0.07340  0.07335  0.07340   180398.2 -0.003807  0.073975  0.072734    0.073355  0.0   0.0     2.0         1       -0.003807
2022-01-18 10:25:00  0.07344  0.07347  0.07341  0.07341   254623.2  0.000136  0.073949  0.072736    0.073343  0.0   0.0     2.0         1        0.000136
2022-01-18 10:30:00  0.07352  0.07354  0.07345  0.07349   210624.4  0.001089  0.073907  0.072750    0.073329  0.0   0.0     2.0         1        0.001089
2022-01-18 10:35:00  0.07372  0.07379  0.07368  0.07368    92110.1  0.002582  0.073915  0.072747    0.073331  0.0   0.0     2.0         1        0.002582
2022-01-18 10:40:00  0.07379  0.07388  0.07379  0.07385    86704.6  0.002305  0.073948  0.072731    0.073340  0.0   0.0     2.0         1        0.002305
2022-01-18 10:45:00  0.07381  0.07382  0.07377  0.07381   113425.4 -0.000542  0.073981  0.072717    0.073349  0.0   0.0     2.0         1       -0.000542
2022-01-18 10:50:00  0.07361  0.07372  0.07361  0.07372   256180.6 -0.001220  0.074022  0.072730    0.073376  0.0   0.0     2.0         1       -0.001220
2022-01-18 10:55:00  0.07365  0.07365  0.07359  0.07360   141228.5 -0.001629  0.074028  0.072792    0.073410  0.0   0.0     2.0         1       -0.001629
2022-01-18 11:00:00  0.07346  0.07347  0.07332  0.07332   245329.0 -0.003812  0.073914  0.072987    0.073451  0.0   0.0     2.0         1       -0.003812
2022-01-18 11:05:00  0.07341  0.07349  0.07340  0.07348   108158.6  0.002180  0.073842  0.073126    0.073484  0.0   0.0     2.0         1        0.002180
2022-01-18 11:10:00  0.07345  0.07349  0.07344  0.07348   201558.1  0.000000  0.073843  0.073140    0.073492  0.0   0.0     2.0         1        0.000000
2022-01-18 11:15:00  0.07353  0.07363  0.07351  0.07363   211609.9  0.002039  0.073845  0.073179    0.073512  0.0   0.0     2.0         1        0.002039
2022-01-18 11:20:00  0.07344  0.07349  0.07332  0.07332   445703.4 -0.004219  0.073845  0.073179    0.073512  0.0   0.0     2.0         1       -0.004219
2022-01-18 11:25:00  0.07336  0.07340  0.07325  0.07332   267799.5  0.000000  0.073847  0.073172    0.073510  0.0   0.0     2.0         1        0.000000
2022-01-18 11:30:00  0.07344  0.07350  0.07334  0.07343   679775.1  0.001499  0.073844  0.073166    0.073505  0.0   0.0     2.0         1        0.001499
2022-01-18 11:35:00  0.07318  0.07324  0.07317  0.07324    81121.9 -0.002591  0.073846  0.073162    0.073504  0.0   0.0     2.0         1       -0.002591
2022-01-18 11:40:00  0.07339  0.07342  0.07332  0.07332   125299.9  0.001092  0.073849  0.073151    0.073500  0.0   0.0     2.0         1        0.001092
2022-01-18 11:45:00  0.07329  0.07342  0.07325  0.07342   359394.8  0.001363  0.073847  0.073162    0.073505  0.0   0.0     2.0         1        0.001363
2022-01-18 11:50:00  0.07350  0.07352  0.07348  0.07350    45855.9  0.001089  0.073847  0.073163    0.073505  0.0   0.0     2.0         1        0.001089
2022-01-18 11:55:00  0.07353  0.07361  0.07353  0.07359    77707.5  0.001224  0.073836  0.073165    0.073500  0.0   0.0     2.0         1        0.001224
2022-01-18 12:00:00  0.07372  0.07389  0.07369  0.07389   212891.4  0.004068  0.073897  0.073153    0.073525  0.0   0.0     2.0         1        0.004068
2022-01-18 12:05:00  0.07391  0.07396  0.07389  0.07389    55331.0  0.000000  0.073949  0.073149    0.073549  0.0   0.0     2.0         1        0.000000
2022-01-18 12:10:00  0.07371  0.07376  0.07370  0.07374   131533.6 -0.002032  0.073969  0.073154    0.073561  0.0   0.0     2.0         1       -0.002032
2022-01-18 12:15:00  0.07344  0.07344  0.07334  0.07340   131845.0 -0.004621  0.073957  0.073138    0.073548  0.0   0.0     2.0         1       -0.004621
2022-01-18 12:20:00  0.07315  0.07324  0.07313  0.07324   162238.3 -0.002182  0.073923  0.073111    0.073517  0.0   0.0     2.0         1       -0.002182
2022-01-18 12:25:00  0.07303  0.07303  0.07279  0.07282  2195560.2 -0.005751  0.073952  0.072983    0.073467  1.0   0.0     2.0         1       -0.005751
2022-01-18 12:30:00  0.07315  0.07315  0.07306  0.07306   378682.7  0.003290  0.073935  0.072934    0.073434  0.0   0.0     2.0         1        0.003290
2022-01-18 12:35:00  0.07327  0.07328  0.07317  0.07318    60720.5  0.001641  0.073920  0.072907    0.073413  0.0   0.0     2.0         1        0.001641
2022-01-18 12:40:00  0.07328  0.07328  0.07311  0.07314   105474.4 -0.000547  0.073924  0.072885    0.073405  0.0   0.0     2.0         1       -0.000547
2022-01-18 12:45:00  0.07313  0.07317  0.07307  0.07315   152035.5  0.000137  0.073917  0.072859    0.073388  0.0   0.0     2.0         1        0.000137
2022-01-18 12:50:00  0.07322  0.07326  0.07322  0.07325   178464.9  0.001366  0.073907  0.072846    0.073376  0.0   0.0     2.0         1        0.001366
2022-01-18 12:55:00  0.07328  0.07338  0.07328  0.07336   324865.3  0.001501  0.073881  0.072845    0.073363  0.0   0.0     2.0         1        0.001501
2022-01-18 13:00:00  0.07338  0.07347  0.07338  0.07345   297677.4  0.001226  0.073888  0.072851    0.073370  0.0   0.0     2.0         1        0.001226
2022-01-18 13:05:00  0.07306  0.07309  0.07303  0.07305   382988.6 -0.005461  0.073893  0.072819    0.073356  0.0   0.0     2.0         1       -0.005461
2022-01-18 13:10:00  0.07281  0.07292  0.07279  0.07292  1099688.9 -0.001781  0.073899  0.072762    0.073330  0.0   0.0     2.0         1       -0.001781
2022-01-18 13:15:00  0.07277  0.07277  0.07262  0.07274   483542.4 -0.002472  0.073929  0.072682    0.073305  0.0   0.0     2.0         1       -0.002472
2022-01-18 13:20:00  0.07247  0.07257  0.07235  0.07251   764395.6 -0.003167  0.073978  0.072552    0.073265  1.0   0.0     2.0         1       -0.003167
2022-01-18 13:25:00  0.07227  0.07239  0.07223  0.07227   692619.5 -0.003315  0.074037  0.072378    0.073208  1.0   0.0     2.0         1       -0.003315
2022-01-18 13:30:00  0.07226  0.07248  0.07221  0.07242   622901.2  0.002073  0.074039  0.072268    0.073154  0.0   0.0     2.0         1        0.002073
2022-01-18 13:35:00  0.07259  0.07262  0.07251  0.07257   205159.0  0.002069  0.073999  0.072206    0.073103  0.0   0.0     2.0         1        0.002069
2022-01-18 13:40:00  0.07279  0.07287  0.07264  0.07264   285498.2  0.000964  0.073880  0.072200    0.073040  0.0   0.0     2.0         1        0.000964